1000 1000
763799 889295 3
762655 781097 4
757269 868053 4
734093 794194 4
714628 824562 0
785365 822634 4
700029 883648 2
730020 798000 2
738402 884319 1
757691 795246 1
765320 952211 0
784610 896394 4
718410 823092 1
737709 740771 4
792011 933063 2
754381 754556 0
750732 776804 2
723066 819394 4
758127 913176 0
743742 871568 1
724873 897371 0
759045 874609 3
740558 829476 0
724963 759544 4
786073 905617 2
703334 719474 0
764186 948103 3
742269 890439 0
712549 847166 1
741576 894375 2
784728 808439 1
708225 873261 0
706859 758987 4
785162 918193 3
774334 780817 0
754873 777164 1
721888 814922 3
784513 931371 1
733883 771798 3
790114 934879 2
763591 808420 3
712339 770538 0
788878 811319 3
781742 837951 0
738621 921865 1
722972 732236 4
780428 957621 4
750177 912280 3
729519 806466 3
796618 865414 4
772029 817494 3
732310 752503 4
786559 984229 4
711906 716790 0
749149 915205 0
712729 886303 1
787845 880280 4
775611 894918 2
744765 820498 4
703532 746259 3
780394 859717 3
782240 958132 4
720513 792927 3
799525 823026 3
738733 764917 0
720305 887682 2
795745 797146 0
726956 873687 2
771072 792062 0
775488 817017 0
734411 768951 2
709664 799570 3
754314 882706 1
729686 848871 3
728509 793243 4
761521 770032 3
749413 926759 3
729326 882586 2
713966 775120 3
796101 983370 4
703743 810749 2
795862 857694 4
796036 954025 2
746421 821099 1
738970 796348 1
775539 787224 0
772605 953339 1
761838 813262 4
711662 762952 4
786236 979007 0
760904 852047 1
708051 734641 3
768581 951966 0
723836 891623 2
750379 809888 2
761912 767931 1
737980 809783 2
790578 868307 0
703997 851951 2
773191 869363 4
799686 962471 0
725331 891479 0
754315 949078 1
765117 772106 1
787210 838704 3
799236 886200 0
795861 858331 2
701419 830745 1
782978 977357 0
738307 855432 0
710640 748035 0
723159 921911 1
773596 880745 2
755869 877692 4
761892 885440 2
739611 821774 2
754203 760816 1
753271 886046 0
752494 810733 1
726851 816111 1
719637 862005 0
775720 883525 0
735133 776142 2
704049 851147 3
763700 903165 2
784187 904029 3
717878 873629 0
762747 941170 4
788568 823952 4
776399 905045 0
741714 853873 2
754601 809668 0
712721 737141 3
740888 926533 2
704221 758875 2
736569 741514 1
784455 975143 0
705150 729626 2
713591 808856 1
760541 927360 1
760500 833887 3
778555 925510 3
752053 788887 0
700538 778895 0
764935 932957 4
715360 858714 2
783038 868113 4
731208 851274 3
775297 820899 3
728366 813057 1
756048 757951 1
722455 754756 1
793945 797227 4
730047 874635 2
791931 924009 3
710630 888146 3
719833 739138 4
751997 891412 4
731907 901619 0
722156 888816 4
787105 820219 1
776551 801511 1
715105 803660 2
737554 809500 0
731330 830615 0
790897 826628 4
762240 822531 1
700469 760659 3
755458 873035 0
784419 793544 1
760578 941626 4
776230 825187 2
774108 902030 1
773431 781105 3
787290 949599 0
792011 818261 4
785311 902998 1
767645 842151 4
700273 864113 1
773053 869440 2
723468 751508 2
780441 961196 1
799428 918095 4
710570 854101 0
796698 930064 3
738913 887296 4
786595 877958 0
790739 898645 4
765396 873404 0
736034 921131 1
703249 742729 4
707501 756615 3
717559 836109 4
795162 819133 3
775848 843718 0
750306 771813 1
771255 909357 4
733085 739628 2
737300 835329 1
787791 963448 1
773210 838299 4
746611 832714 1
784886 940100 1
738662 760670 2
717817 838758 1
718806 806309 0
797953 935532 2
743051 841180 4
704100 856455 1
776854 876730 2
759742 896487 3
753401 918029 2
707292 829576 0
759991 806388 4
742505 855762 0
749404 932594 1
744536 870450 4
771887 964600 1
745299 878169 3
739767 775513 2
756163 908765 0
734059 912859 0
764512 781260 0
740605 846023 0
725723 867165 2
798249 829160 3
753865 758082 2
764890 924331 1
726482 917124 1
709021 884936 1
707514 713499 3
733161 759926 0
772591 920344 2
763182 895533 1
798163 983738 2
770525 802214 1
792811 893870 0
738040 839325 3
702057 709261 3
726491 835808 2
785334 942696 2
703530 704377 3
718659 893800 3
789628 862483 1
742386 757782 0
703112 788661 0
790687 942078 2
791822 908380 2
765108 903345 4
711304 834643 1
714285 839522 1
778834 863297 0
702440 840136 2
713014 912039 1
735537 757828 2
754365 836348 4
779148 927736 2
797298 868211 2
702532 739238 3
769433 941030 4
754578 902827 3
718255 727132 2
790865 818358 1
733090 833120 1
708481 733284 0
751061 795801 0
723065 848841 3
720172 845102 0
778451 917439 0
767134 854154 4
746738 765294 3
795098 869581 1
798390 887383 1
744570 790934 3
797762 802111 0
786407 979190 1
786444 893347 3
736588 744509 2
714599 760752 3
796031 931975 0
700461 741076 2
759564 922231 0
768912 921311 4
768868 863226 2
785474 871278 4
778022 902885 2
741571 856232 3
777963 812496 1
798218 995117 4
792791 848259 0
735415 779778 0
719551 880540 1
767640 822576 4
711413 893877 2
767161 920008 0
714843 770259 3
741169 783606 1
739878 847148 4
754825 806909 2
724946 921815 3
715983 724339 0
756550 865823 3
724604 759212 0
729064 873341 0
776226 925824 4
784228 801537 3
746906 911657 2
779160 792960 0
777100 971321 0
763747 948426 4
761471 824032 2
747663 878202 4
752835 950856 2
706300 847740 0
706237 777178 0
765453 852214 4
715570 839166 1
764952 864302 1
717174 840264 0
729577 761769 1
743126 876398 1
754392 855144 2
787780 822508 0
794380 858327 4
705122 746596 4
713454 792311 2
769042 776411 1
774931 866831 3
718237 752019 0
781028 789182 2
799746 992681 1
760367 937689 2
792129 938537 4
775058 948832 2
773736 792719 4
732038 847195 0
753757 772232 2
746570 863162 2
719595 776552 2
729041 852520 3
784498 977728 3
742446 816564 1
751049 847534 3
755806 783521 4
706103 869321 0
762966 910664 2
701618 899583 1
771342 967552 2
790326 846265 1
777229 931983 3
771178 871048 3
745751 913496 3
767023 873184 0
748115 935701 1
705962 824953 2
742177 861028 0
744658 863765 0
749595 923785 4
734557 865596 0
789802 871699 4
781863 921238 0
795084 919519 3
753061 926278 1
745667 932062 4
749832 876703 4
729601 924370 2
721205 795286 3
735027 788953 0
762244 828352 4
790379 813879 3
723862 842616 0
764178 908249 1
711804 863131 3
777708 941662 0
705157 826657 4
747853 805541 4
713319 866177 4
786428 929185 0
768529 861382 1
700294 842334 1
787280 962914 3
708902 815946 4
748896 764754 1
777427 818613 1
746517 849605 3
719914 791786 3
701513 839575 4
798556 816863 2
736455 805778 2
793915 804996 1
779929 920344 3
706784 905659 3
714095 789386 3
724447 842264 3
737424 868747 2
723599 845737 2
783173 912486 4
741524 908961 1
746915 871413 1
749039 931952 4
747353 795232 1
738024 796018 1
764090 781776 4
796537 878797 3
760236 861179 1
727390 774738 0
718129 811443 3
707483 822546 4
732949 867910 1
704493 897435 4
798681 812114 4
720597 813153 4
736799 825447 0
765090 803156 1
722998 892467 4
704671 732220 2
785576 793148 3
703036 754920 1
713409 749409 2
771711 906272 0
758146 952520 4
731565 779918 2
777670 837733 3
744149 941283 2
731699 920361 1
773278 788902 1
764485 947468 0
773330 892944 2
702327 887365 0
766890 876009 4
794290 841017 1
730490 833574 1
722234 805028 0
733631 760159 2
706487 850241 1
785320 785882 4
743713 874215 0
796514 949752 3
755247 939587 4
769448 865739 3
750816 842328 1
797802 832962 4
789195 798622 3
780476 965180 0
700067 896704 1
712738 845560 1
756846 933426 3
767674 772428 2
793576 891654 3
758089 826058 4
700691 721436 2
729962 915190 0
716417 876050 2
752980 838279 2
751364 825902 1
723818 858909 0
774901 803833 3
743848 857812 2
791363 831646 3
735852 887811 4
717726 824809 4
708995 856852 1
717827 824714 0
723157 799890 2
739914 815534 0
723282 895258 3
753741 808450 4
753246 948915 4
779803 895159 3
733882 906972 1
769086 926730 0
710068 722096 2
758153 800763 0
786801 929032 0
782597 955130 2
706394 841804 4
774685 854682 0
782372 803652 3
748584 902601 1
706372 726699 0
723670 781894 4
701970 850642 1
787614 900059 4
797915 858383 1
723366 823585 1
767021 799142 1
755412 776873 3
780414 871170 3
727700 773093 3
764094 853536 1
787882 851057 3
797693 861486 4
746906 839789 0
725599 783372 4
770005 803091 2
792510 813353 1
700582 871451 0
743744 845137 0
706525 797496 1
715995 774097 1
757019 849369 2
753573 915624 2
723230 752790 1
798560 807767 3
767887 964034 2
712004 838755 2
783369 787222 3
795759 903388 1
729132 785232 3
759050 789112 0
785282 806840 3
702781 872683 4
703281 720438 4
706037 825761 1
791394 867315 1
787412 930045 3
727504 826121 3
789594 834687 0
775029 879663 4
735857 882912 0
770448 932166 4
710814 865695 1
702107 815168 0
717958 787075 1
752875 817705 2
745406 778853 2
763496 952245 2
773272 873675 2
795632 803006 4
757514 872941 3
701990 813278 1
705343 804251 2
767519 847478 3
746211 942641 1
753840 840607 0
751371 824845 3
778609 808408 1
766755 778480 1
734038 869484 2
718555 761812 3
744656 883567 4
789651 896305 3
723262 871272 1
762374 805240 1
727385 909490 0
760020 844776 4
760063 850755 1
737716 742584 3
731872 804605 2
780378 883124 3
721095 915106 4
733828 800376 2
747018 922936 0
721002 774360 3
753044 910399 1
766758 829388 0
793234 846962 1
782657 892186 2
758140 827954 4
749024 879323 2
725254 921235 4
759534 947701 1
715400 818469 3
787787 856731 2
750633 941748 4
733173 879103 3
758962 845884 4
795893 889416 1
785202 918213 2
782508 940776 0
764493 775130 0
737663 857870 0
789737 828078 2
799360 994487 3
793115 871472 3
743454 885865 1
712655 912223 1
751695 937714 4
736246 807708 3
709852 791456 2
759572 955669 1
746221 908174 1
760714 937593 4
729014 918847 4
737761 892114 0
713281 728288 4
765047 923103 0
710557 885105 4
705582 869140 4
775111 896376 2
751890 850437 1
703607 712692 0
775242 950866 2
703246 840422 0
765795 909504 4
744286 804430 3
773113 838324 4
730553 843420 4
716582 768350 0
748574 821388 2
720655 729620 3
772417 896465 0
733676 835288 2
772249 863775 3
771032 790366 2
794927 903028 0
716697 723213 0
775205 800363 0
799282 834693 1
730660 832930 2
793382 881278 1
728362 764891 0
748110 828326 3
730451 862867 4
782751 957358 0
732327 779631 2
702965 705792 3
715587 847277 3
757060 931180 1
779339 955035 4
789343 832978 2
778832 914906 3
777481 855560 1
718910 730134 1
751388 757919 3
767241 795327 0
770264 899836 1
715928 849050 0
781645 891558 2
717905 876554 1
764875 860316 2
780327 844704 4
756138 829353 0
724417 736922 4
787829 832667 4
703307 728577 4
731612 821619 4
799842 822159 0
748313 775967 3
750395 795372 3
735009 762386 4
782997 932648 0
708559 789264 1
754272 817419 1
713229 768927 1
781741 853846 1
736261 741478 4
798455 919139 0
797510 877155 4
713777 715287 1
744441 829205 3
779697 907658 4
765702 955681 3
715165 728937 2
774689 799304 1
756756 908641 1
748538 910374 3
732063 911420 3
724133 786099 2
758202 872579 1
728263 843262 1
771197 880301 2
716290 722307 3
789487 820133 1
748418 886119 2
766316 805100 3
753127 775182 0
757301 788768 3
719957 743351 4
738968 765850 1
753338 945901 1
721921 862399 4
709151 734865 0
776417 867686 3
728114 873239 2
728541 877964 4
723506 806778 0
717946 917425 0
791996 967355 4
736614 859067 2
723509 806523 2
777610 810453 1
713368 719087 4
774382 827528 4
717729 868039 0
781996 979503 1
770587 876677 1
788281 917619 3
781542 832595 3
731089 769199 1
726380 730268 2
722946 918039 3
734246 912126 1
717467 744608 4
783530 824286 4
796150 931158 3
775959 859268 2
714914 853606 4
792227 951302 0
724277 830219 0
795491 798996 1
753841 776889 4
786076 892143 4
758838 849679 2
763849 789055 0
780584 932240 2
763597 860589 3
744961 816209 0
770972 824753 0
796794 959448 1
735172 753580 1
728597 798097 0
744896 865154 1
774830 939148 0
704608 779985 0
797090 828480 3
766610 961851 3
708031 789291 2
710613 756312 1
742542 792339 1
736191 867052 4
764670 913446 0
757677 856946 2
763954 926197 3
749930 798235 3
750733 914128 2
762691 942566 3
791292 886467 4
797225 861230 1
779908 791929 2
798535 978598 4
763469 778667 3
706695 826087 1
765934 800321 1
702847 780482 2
797690 916610 2
770305 828995 3
752459 911915 4
719522 825360 1
760845 871667 1
715146 893015 0
710733 792020 0
776670 910791 2
790979 922423 0
787497 877483 2
795005 891758 3
778929 955731 2
792525 883279 4
753592 844231 1
725622 807292 1
738193 818902 0
776018 788851 0
727334 779970 4
748070 764821 2
707942 886379 0
782249 930482 1
763828 769664 0
765266 770848 3
742765 797690 4
704066 790153 4
739865 751557 4
718225 763120 1
776469 904451 4
799388 905167 4
731104 845837 3
760302 837070 1
732548 901713 2
780365 950394 3
745254 800667 2
788872 920978 0
714801 843925 4
704448 729737 3
722655 858083 3
741204 744497 3
750824 772828 3
738320 813513 1
724304 732280 2
760664 929242 3
751628 882562 4
745200 772892 4
799860 990824 4
712591 739876 0
709518 718127 0
732421 908160 4
766169 813820 4
754537 857656 0
739737 822065 4
791496 888614 0
769795 795426 2
704266 800113 3
741864 886590 2
716390 840051 2
720518 807113 0
741257 776668 4
734156 743400 4
740450 934719 0
731854 734348 0
758417 908107 1
765961 915229 3
745104 903871 0
727128 767643 0
737729 752030 1
755640 908869 1
740442 895568 4
721944 885618 4
782350 889454 0
728453 791556 1
714301 776408 3
781139 943725 0
795837 802154 1
783535 838041 1
732586 869725 3
779429 873881 0
743116 876961 2
740909 773806 2
768231 921168 3
751194 760195 1
779016 826221 4
777509 844588 4
734478 919101 0
747287 825784 0
729238 785507 2
741621 807432 0
722955 828303 1
759472 948320 1
738700 785180 4
710477 778690 1
718464 745477 0
795537 863315 3
703511 824212 1
755696 919321 2
708386 894912 1
790840 833324 4
779446 862099 2
710073 886714 1
706139 764215 2
768887 812983 1
757435 881619 3
760242 929019 3
748200 782187 4
747348 887168 3
766574 789266 3
715356 825773 3
713787 881610 4
713483 793459 2
762252 867839 4
781196 898892 2
778041 854754 3
726376 845254 4
716770 834157 0
774762 825974 3
715867 811992 2
746640 871275 3
723445 792601 3
736435 750250 3
749198 834322 3
747959 917880 4
780123 913997 3
748022 775576 2
776308 812558 3
752522 843903 0
758881 869994 0
736057 806446 0
759331 847246 1
758468 920017 2
712805 819336 0
700723 763152 3
757156 765735 2
735450 923187 0
784315 915185 2
782544 934683 2
767283 887707 0
757810 891506 3
753387 939140 3
791507 831178 4
700739 812924 4
752326 889636 2
776943 917881 0
746701 847171 3
758393 862307 4
706564 893158 0
720919 873810 2
773993 922235 3
785807 834124 1
758062 790818 4
766503 864615 0
749762 820368 4
706161 840494 3
713628 893557 3
797045 797778 1
718441 732019 1
729440 824432 2
780343 803987 4
758702 882540 1
732546 832639 2
754484 926968 3
712222 822467 1
774704 885770 3
704678 770933 0
747156 853959 2
759396 800718 3
720719 830260 3
764160 954143 0
709886 779464 3
785517 916537 1
789554 832141 0
701874 824595 2
743491 829974 1
740854 937463 2
706837 850871 1
719023 889774 3
747402 797211 3
744780 828865 3
730247 895168 1
794241 877291 0
767018 943472 4
704786 719261 3
783500 894589 2
783299 840327 4
768466 805690 1
798526 894874 0
726266 923232 4
729861 906118 0
720740 839303 1
751194 897951 0
775326 972231 3
755693 826553 1
717427 765298 2
725062 838174 3
705750 798283 4
719090 894591 2
700747 716684 4
729106 804339 4
733686 888531 0
715969 811892 4
736039 739320 3
714470 857629 3
746533 915671 0
749051 857381 2
728570 786721 0
796604 910886 0
776927 940911 4
723539 786947 2
725257 771993 4
730466 886794 1
770771 929602 0
761650 932199 4
767821 865349 3
760603 899010 2
703172 898676 1
751508 850277 0
747156 940300 4
739357 931964 3
757483 790655 4
746571 795534 3
789374 868154 3
742611 844917 4
784753 924774 2
714649 792508 4
762946 954206 4
713658 911796 2
744535 936218 1
737464 834674 3
786249 815037 0
758630 796322 3
789936 930242 0
746900 761386 2
742256 812750 1
783196 889097 0
783075 810786 1
757389 941795 1
706024 899488 4
773527 817918 1
723276 886974 2
725432 878848 4
719319 886460 1
707589 891803 2
732090 911185 2
795260 981400 3
794583 942279 3
726729 789982 3
792432 834752 0
790551 796173 0
742260 902693 1
743706 941067 3
767622 951193 2
718521 756866 1
770864 937818 2
794016 807127 4
733864 801667 0
718246 898386 3
721920 889449 2
772988 781464 1
780788 810285 4
733239 776410 0
711855 880235 1
710879 749125 4
731101 814586 1
720407 845724 4
739448 798231 3
